0.9998758265909914
0.9270130144274009
0.8666633039322339
0.7280699447873735
0.7095004035692984
0.6647407955803576
0.6133670833950432
0.5825645300633807
0.5670931047939605
0.5397658762847097
0.524374294345963
0.5014121399859126
0.4742184131643578
0.4662845607930721
0.46051585302964276
0.43995528759706215
0.42006387405921125
0.41870298698233865
0.4098669142724883
0.4006926281981121
0.39631075592356535
0.39119491618691427
0.3866538747810065
0.37351384223041606
0.3635216879963946
0.3530730357442158
0.3345103872328364
0.32763614481536085
0.31129981383627786
0.3047765011222033
0.2974377144080012
0.2903097744719472
0.28308014739899756
0.27277600782143707
0.2656504921364932
0.25622356256839407
0.25377581594332027
0.2355558288934462
0.22948078039849595
0.22538297115928047
0.22155861234275506
0.2114656332366185
0.20754487433174199
0.205900536918309
0.19938083172634052
0.1971250514537412
0.19284490111132727
0.18434285694414854
0.18193411335080878
0.1751327634803215
0.17288220324867823
0.16897109702418503
0.16690988049434352
0.16136157080949706
0.1588622622406204
0.1564820825803515
0.15333152245814383
0.1516254999696768
0.14965017354654014
0.1451568730574052
0.14215307160581186
0.1403192159244937
0.13811185183074304
0.13442459775999802
0.13171971529661436
0.12862399825299184
0.12804187307260398
0.12701209582584558
0.12401476197599592
0.12267563554116662
